A=zeros(100,36);
A(:,15)=1;
A(:,23)=1;
A(1:26,15)=0;
A(1:49,23)=0;
A(92:100,23)=0;
A(87,1:15)=1;
A(74,1:15)=1;
A(62,1:15)=1;
A(49,1:15)=1;
A(26,1:15)=1;
A(92,23:36)=1;
A(74,23:36)=1;
A(62,23:36)=1;
A(49,23:36)=1;
A(1:22,6:10)=1;
A(23:26,30:36)=1;
A(30:48,28:36)=1;
A(96,16)=31;%C1
C1=31;
A(88,16)=32;%C2
C2=32;
A(70,16)=33;%C3
C3=33;
A(52,16)=34;%C4
C4=34;
A(46,16)=38;%Conference hall
ConHall=38;
A(56,24)=35;%C5
C5=35;
A(74,24)=36;%C6
C6=36;
A(80,24)=37;%C7
C7=37;
A(26,16)=41;%pre incubation area 1
Inc1=41;
A(34,26)=42;%pre incubation area 2
Inc2=42;
A(24,32)=51;%reception
reception=51;
A(8,34)=3;%Start
Start=3;
A(94,34)=9;%Emergency exit%
Exit=9;
A(74:87,1:15)
A(94,34)

