A=zeros(50,18);
A(:,8)=1;
A(:,12)=1;
A(1:13,8)=0;
A(1:25,12)=0;
A(47:50,12)=0;
A(43,1:8)=1;
A(37,1:8)=1;
A(31,1:8)=1;
A(25,1:8)=1;
A(13,1:8)=1;
A(25,13:18)=1;
A(37,13:18)=1;
A(31,13:18)=1;
A(46,13:18)=1;
A(1:12,3:5)=1;
A(12:13,15:18)=1;
A(15:24,14:18)=1;
%A(96,16)=31;%C1
%A(88,16)=32;%C2
%A(70,16)=33;%C3
%A(52,16)=34;%C4
%A(46,16)=38;%Conference hall
%A(56,24)=35;%C5
%A(74,24)=36;%C6
%A(80,24)=37;%C7
%A(26,16)=41;%pre incubation area 1
%A(34,26)=42;%pre incubation area 2
%A(24,32)=51;%reception
%A(8,34)=3;%Start
%A(94,34)=9;%Emergency exit%
A(74:87,1:15)
A(94,34)

